   0     -17.91000      24.75000    1086.00000
   1     -20.66000     -10.40000    1086.00000
   2     -11.28000     -39.57000    1086.00000
   3       4.73000     -45.55000    1086.00000
   4      17.96000     -24.81000    1086.00000
   5      20.63000      10.39000    1086.00000
   6      11.23000      39.40000    1086.00000
   7      -4.71000      45.33000    1086.00000
   8     -37.31000      51.55000    1086.00000
   9     -43.11000     -21.71000    1086.00000
   10     -23.59000     -82.72000    1086.00000
   11       9.90000     -95.27000    1086.00000
   12      37.52000     -51.83000    1086.00000
   13      43.01000      21.66000    1086.00000
   14      23.38000      82.00000    1086.00000
   15      -9.80000      94.31000    1086.00000
   16     -63.67000      87.96000    1086.00000
   17     -73.77000     -37.15000    1086.00000
   18     -40.45000    -141.88000    1086.00000
   19      16.99000    -163.47000    1086.00000
   20      64.27000     -88.79000    1086.00000
   21      73.48000      37.00000    1086.00000
   22      39.85000     139.75999    1086.00000
   23     -16.70000     160.67000    1086.00000
   24     -96.91000     133.88000    1086.00000
   25    -112.68000     -56.74000    1086.00000
   26     -61.97000    -217.34000    1086.00000
   27      26.05000    -250.58000    1086.00000
   28      98.31000    -135.82001    1086.00000
   29     112.00000      56.40000    1086.00000
   30      60.56000     212.41000    1086.00000
   31     -25.37000     244.03999    1086.00000
   32    -136.92000     189.16000    1086.00000
   33    -159.88000     -80.52000    1086.00000
   34     -88.25000    -309.51001    1086.00000
   35      37.12000    -357.10999    1086.00000
   36     139.75000    -193.06000    1086.00000
   37     158.50999      79.83000    1086.00000
   38      85.42000     299.59000    1086.00000
   39     -35.75000     343.97000    1086.00000
   40    -183.60001     253.64000    1086.00000
   41    -215.45000    -108.50000    1086.00000
   42    -119.43000    -418.85999    1086.00000
   43      50.28000    -483.70001    1086.00000
   44     188.72000    -260.70999    1086.00000
   45     212.98000     107.26000    1086.00000
   46     114.31000     400.89999    1086.00000
   47     -47.80000     459.91000    1086.00000
   48    -236.78999     327.12000    1086.00000
   49    -279.45999    -140.74001    1086.00000
   50    -155.67000    -545.97998    1086.00000
   51      65.60000    -631.15002    1086.00000
   52     245.37000    -338.98001    1086.00000
   53     275.32001     138.64999    1086.00000
   54     147.09000     515.85999    1086.00000
   55     -61.45000     591.23999    1086.00000
   56    -296.35001     409.39999    1086.00000
   57    -352.00000    -177.27000    1086.00000
   58    -197.19000    -691.57001    1086.00000
   59      83.19000    -800.40002    1086.00000
   60     309.91000    -428.14999    1086.00000
   61     345.45001     173.97000    1086.00000
   62     183.61000     643.95001    1086.00000
   63     -76.63000     737.28998    1086.00000
   64    -362.10001     500.23001    1086.00000
   65    -433.17999    -218.16000    1086.00000
   66    -244.20000    -856.45001    1086.00000
   67     103.17000    -992.53998    1086.00000
   68     382.56000    -528.51001    1086.00000
   69     423.31000     213.17999    1086.00000
   70     223.71001     784.59003    1086.00000
   71     -93.27000     897.29999    1086.00000
   72    -433.85999     599.37000    1086.00000
   73    -523.12000    -263.45001    1086.00000
   74    -296.98001   -1041.56006    1086.00000
   75     125.65000   -1208.89001    1086.00000
   76     463.57001    -640.41998    1086.00000
   77     508.79001     256.23001    1086.00000
   78     267.20999     937.16998    1086.00000
   79    -111.27000    1070.50000    1086.00000
   80    -511.42999     706.53998    1086.00000
   81    -621.96002    -313.23001    1086.00000
   82    -355.84000   -1248.02002    1086.00000
   83     150.81000   -1450.95996    1086.00000
   84     553.22998    -764.28998    1086.00000
   85     601.79999     303.07001    1086.00000
   86     313.94000    1101.06995    1086.00000
   87    -130.55000    1256.06006    1086.00000
   88    -594.60999     821.45001    1086.00000
   89    -421.16000   -1477.09998    1086.00000
   90     178.83000   -1720.50000    1086.00000
   91     651.88000    -900.56000    1086.00000
   92     702.23999     353.66000    1086.00000
   93     363.70999    1275.59998    1086.00000
   94    -151.03999    1453.13000    1086.00000
   95    -251.44000     407.07999    1086.00000
   96     611.45001    -115.30000    1086.00000
   97     477.14001   -1213.39001    1086.00000
   98    -309.70999     -54.91000    1086.00000
