   0   10398270011702   -0.000000064750   7339.277832031250
   1   10398270011702   0.000000039750   7325.584472656250
   2   10398270011702   0.000000126250   7295.065917968750
   3   10398270011702   0.000000143750   7307.029785156250
   4   10398270011702   0.000000082250   7388.664062500000
   5   10398270011702   -0.000000022250   7406.680175781250
   6   10398270011702   -0.000000108750   7234.549316406250
   7   10398270011702   -0.000000126250   7337.412109375000
   8   10398270011702   -0.000000144250   7565.419433593750
   9   10398270011702   0.000000073250   7480.369140625000
   10   10398270011702   0.000000254750   7422.334472656250
   11   10398270011702   0.000000291750   7610.099121093750
   12   10398270011702   0.000000162750   7637.903808593750
   13   10398270011702   -0.000000055750   7631.946289062500
   14   10398270011702   -0.000000234750   7623.676757812500
   15   10398270011702   -0.000000271250   7658.387207031250
   16   10398270011702   -0.000000252250   8200.013671875000
   17   10398270011702   0.000000119750   8230.475585937500
   18   10398270011702   0.000000430750   8251.359375000000
   19   10398270011702   0.000000495250   8392.621093750000
   20   10398270011702   0.000000272750   8504.506835937500
   21   10398270011702   -0.000000100750   8391.371093750000
   22   10398270011702   -0.000000406250   8446.291992187500
   23   10398270011702   -0.000000468250   8325.527343750000
   24   10398270011702   -0.000000387750   10379.856445312500
   25   10398270011702   0.000000178750   10291.346679687500
   26   10398270011702   0.000000655750   10359.815429687500
   27   10398270011702   0.000000754750   10789.876953125000
   28   10398270011702   0.000000413750   11087.453125000000
   29   10398270011702   -0.000000157750   11318.640625000000
   30   10398270011702   -0.000000621250   10724.500976562500
   31   10398270011702   -0.000000715250   10594.423828125000
   32   10398270011702   -0.000000550750   20366.382812500000
   33   10398270011702   0.000000250750   19256.396484375000
   34   10398270011702   0.000000931750   20221.664062500000
   35   10398270011702   0.000001073250   21353.144531250000
   36   10398270011702   0.000000585250   21434.134765625000
   37   10398270011702   -0.000000225750   24369.517578125000
   38   10398270011702   -0.000000878750   23570.125000000000
   39   10398270011702   -0.000001010750   22745.044921875000
   40   10398270011702   -0.000000739250   29359.208984375000
   41   10398270011702   0.000000337250   35446.714843750000
   42   10398270011702   0.000001259750   38206.410156250000
   43   10398270011702   0.000001452750   30187.394531250000
   44   10398270011702   0.000000789750   39406.781250000000
   45   10398270011702   -0.000000304250   28864.189453125000
   46   10398270011702   -0.000001176750   36987.628906250000
   47   10398270011702   -0.000001352250   36887.812500000000
   48   10398270011702   -0.000000954250   18370.990234375000
   49   10398270011702   0.000000436250   16131.776367187500
   50   10398270011702   0.000001640750   15569.148437500000
   51   10398270011702   0.000001894250   17370.470703125000
   52   10398270011702   0.000001025750   18355.832031250000
   53   10398270011702   -0.000000394250   17404.837890625000
   54   10398270011702   -0.000001515250   20956.583984375000
   55   10398270011702   -0.000001739250   18407.546875000000
   56   10398270011702   -0.000001194750   4869.020996093750
   57   10398270011702   0.000000549250   4739.787597656250
   58   10398270011702   0.000002078250   4799.155761718750
   59   10398270011702   0.000002402250   4881.813964843750
   60   10398270011702   0.000001295250   5112.843261718750
   61   10398270011702   -0.000000494750   5458.714843750000
   62   10398270011702   -0.000001891750   5535.588867187500
   63   10398270011702   -0.000002169250   5284.669921875000
   64   10398270011702   -0.000001458750   2250.049072265625
   65   10398270011702   0.000000678250   2250.284667968750
   66   10398270011702   0.000002575750   2284.546386718750
   67   10398270011702   0.000002980750   2350.940917968750
   68   10398270011702   0.000001600250   2470.832763671875
   69   10398270011702   -0.000000604250   2589.238281250000
   70   10398270011702   -0.000002303250   2610.588623046875
   71   10398270011702   -0.000002639250   2465.177001953125
   72   10398270011702   -0.000001745250   1273.568847656250
   73   10398270011702   0.000000820250   1258.912109375000
   74   10398270011702   0.000003136250   1293.495361328125
   75   10398270011702   0.000003633750   1352.295532226562
   76   10398270011702   0.000001943250   1435.356323242188
   77   10398270011702   -0.000000722750   1499.883789062500
   78   10398270011702   -0.000002748750   1549.975830078125
   79   10398270011702   -0.000003145250   1425.333496093750
   80   10398270011702   -0.000002049750   805.363098144531
   81   10398270011702   0.000000979250   766.808227539062
   82   10398270011702   0.000003762250   789.337524414062
   83   10398270011702   0.000004364250   847.861450195312
   84   10398270011702   0.000002323750   910.112792968750
   85   10398270011702   -0.000000850750   968.454650878906
   86   10398270011702   -0.000003223750   952.820434570312
   87   10398270011702   -0.000003687250   876.163452148438
   88   10398270011702   -0.000002379750   512.089050292969
   89   10398270011702   0.000004461250   523.763183593750
   90   10398270011702   0.000005181750   554.027099609375
   91   10398270011702   0.000002743750   620.207214355469
   92   10398270011702   -0.000000986750   635.058288574219
   93   10398270011702   -0.000003732250   630.274047851562
   94   10398270011702   -0.000004259750   579.989318847656
   95   10398270011702   -0.000001190250   8935.720703125000
   96   10398270011702   0.000000389250   1013.375915527344
   97   10398270011702   0.000003670750   693.390625000000
   98   10398270011702   0.000000182750   9792.918945312500
