0    717354022  3.222173174e-08 nan         
1    717354022  1.520046833e-08 nan         
2    717354022  7.163534842e-09 nan         
3    717354022  -2.271860628e-08 nan         
4    717354022  -3.346749958e-08 nan         
5    717354022  -1.662688177e-08 nan         
6    717354022  4.297942069e-09 nan         
7    717354022  1.788007895e-08 nan         
8    717354022  6.762117657e-08 nan         
9    717354022  3.671810758e-08 nan         
10   717354022  5.750178624e-09 nan         
11   717354022  -4.297180224e-08 nan         
12   717354022  -6.277607407e-08 nan         
13   717354022  -5.766719924e-08 nan         
14   717354022  -1.670386829e-09 nan         
15   717354022  4.757151696e-08 nan         
16   717354022  9.961981835e-08 nan         
17   717354022  7.08411728e-08 nan         
18   717354022  6.605790961e-09 nan         
19   717354022  -7.713024087e-08 nan         
20   717354022  -9.860578291e-08 nan         
21   717354022  -7.190346686e-08 nan         
22   717354022  9.671068824e-10 nan         
23   717354022  7.13908147e-08 nan         
24   717354022  1.282726129e-07 nan         
25   717354022  8.42823013e-08 nan         
26   717354022  3.377770426e-09 nan         
27   717354022  -9.571396386e-08 nan         
28   717354022  -1.225973979e-07 nan         
29   717354022  -8.016040308e-08 nan         
30   717354022  -1.989201141e-09 nan         
31   717354022  8.714243729e-08 nan         
32   717354022  1.462838291e-07 nan         
33   717354022  1.057561923e-07 nan         
34   717354022  4.318586458e-09 nan         
35   717354022  -1.011369589e-07 nan         
36   717354022  -1.404223715e-07 nan         
37   717354022  -1.005654106e-07 nan         
38   717354022  4.208373565e-09 nan         
39   717354022  1.109062391e-07 nan         
40   717354022  1.568687934e-07 nan         
41   717354022  1.087815267e-07 nan         
42   717354022  1.807096834e-10 nan         
43   717354022  -1.219886444e-07 nan         
44   717354022  -1.552488344e-07 nan         
45   717354022  -1.141847531e-07 nan         
46   717354022  -6.839741663e-10 nan         
47   717354022  1.097904151e-07 nan         
48   717354022  1.726183527e-07 nan         
49   717354022  1.215846135e-07 nan         
50   717354022  4.205043975e-09 nan         
51   717354022  -1.27737321e-07 nan         
52   717354022  -1.758511492e-07 nan         
53   717354022  -1.187892301e-07 nan         
54   717354022  -2.741212246e-09 nan         
55   717354022  1.175615415e-07 nan         
56   717354022  1.829648718e-07 nan         
57   717354022  1.292560982e-07 nan         
58   717354022  2.82869153e-09 nan         
59   717354022  -1.217053693e-07 nan         
60   717354022  -1.860659518e-07 nan         
61   717354022  -1.272220452e-07 nan         
62   717354022  1.539844276e-09 nan         
63   717354022  1.25827827e-07 nan         
64   717354022  1.987172612e-07 nan         
65   717354022  1.263567879e-07 nan         
66   717354022  1.01530181e-08 nan         
67   717354022  -1.440722125e-07 nan         
68   717354022  -1.924888406e-07 nan         
69   717354022  -1.319014973e-07 nan         
70   717354022  -3.927176059e-09 nan         
71   717354022  1.377353991e-07 nan         
72   717354022  2.09422886e-07 nan         
73   717354022  1.499019886e-07 nan         
74   717354022  -4.631271568e-09 nan         
75   717354022  -1.37245234e-07 nan         
76   717354022  -2.047669321e-07 nan         
77   717354022  -1.497431874e-07 nan         
78   717354022  3.159897229e-09 nan         
79   717354022  1.441774553e-07 nan         
80   717354022  2.206080841e-07 nan         
81   717354022  1.3839227e-07 nan         
82   717354022  6.605528077e-09 nan         
83   717354022  -1.554467005e-07 nan         
84   717354022  -2.174634748e-07 nan         
85   717354022  -1.546542832e-07 nan         
86   717354022  3.836843679e-09 nan         
87   717354022  1.574284039e-07 nan         
88   717354022  2.319937891e-07 nan         
89   717354022  1.721569458e-07 nan         
90   717354022  3.99211565e-10 nan         
91   717354022  -1.671968378e-07 nan         
92   717354022  -2.357788627e-07 nan         
93   717354022  -1.639512969e-07 nan         
94   717354022  4.082969633e-09 nan         
95   717354022  1.606179705e-07 nan         
96   717354022  2.44357639e-07 nan         
97   717354022  1.790492369e-07 nan         
98   717354022  -5.344943917e-09 nan         
99   717354022  -1.789672027e-07 nan         
100  717354022  -2.446254423e-07 nan         
101  717354022  -1.688499225e-07 nan         
102  717354022  2.517958796e-09 nan         
103  717354022  1.731090694e-07 nan         
104  717354022  2.678669907e-07 nan         
105  717354022  1.973081835e-07 nan         
106  717354022  -3.905526418e-09 nan         
107  717354022  -1.928308643e-07 nan         
108  717354022  -2.593226784e-07 nan         
109  717354022  -1.913990192e-07 nan         
110  717354022  4.377377521e-09 nan         
111  717354022  1.764399012e-07 nan         
112  717354022  2.873119247e-07 nan         
113  717354022  2.118094383e-07 nan         
114  717354022  -1.019664331e-09 nan         
115  717354022  -2.089744963e-07 nan         
116  717354022  -2.861624702e-07 nan         
117  717354022  -2.106087574e-07 nan         
118  717354022  2.353581766e-10 nan         
119  717354022  2.034904835e-07 nan         
120  717354022  3.204735285e-07 nan         
121  717354022  2.285084644e-07 nan         
122  717354022  -3.414419982e-09 nan         
123  717354022  -2.294157096e-07 nan         
124  717354022  -3.302307527e-07 nan         
125  717354022  -2.215369255e-07 nan         
126  717354022  -2.396620018e-09 nan         
127  717354022  2.22010397e-07 nan         
128  717354022  3.680528214e-07 nan         
129  717354022  2.664915529e-07 nan         
130  717354022  1.197779975e-09 nan         
131  717354022  -2.623422714e-07 nan         
132  717354022  -3.605016688e-07 nan         
133  717354022  -2.432538009e-07 nan         
134  717354022  3.198163816e-09 nan         
135  717354022  2.479113291e-07 nan         
136  717354022  4.184867679e-07 nan         
137  717354022  3.203105458e-07 nan         
138  717354022  -8.676744372e-09 nan         
139  717354022  -3.046073934e-07 nan         
140  717354022  -4.24925919e-07 nan         
141  717354022  -2.981665654e-07 nan         
142  717354022  3.51281112e-09 nan         
143  717354022  2.920157801e-07 nan         
144  717354022  5.313705118e-07 nan         
145  717354022  3.800584854e-07 nan         
146  717354022  3.504538655e-09 nan         
147  717354022  -3.777592255e-07 nan         
148  717354022  -5.260950916e-07 nan         
149  717354022  -3.492635866e-07 nan         
150  717354022  2.480714631e-09 nan         
151  717354022  3.650754041e-07 nan         
152  717354022  -2.370104451e-09 nan         
153  717354022  -4.926317115e-07 nan         
154  717354022  -6.637274255e-07 nan         
155  717354022  -4.612267149e-07 nan         
156  717354022  -1.061810125e-08 nan         
157  717354022  4.555350341e-07 nan         
158  717354022  -8.45748245e-07 nan         
159  717354022  -5.849355291e-07 nan         
160  717354022  -6.703176811e-07 nan         
161  717354022  -7.14779396e-07 nan         
162  717354022  -4.684742026e-07 nan         
163  717354022  -7.061304385e-07 nan         
164  717354022  -7.937192574e-07 nan         
165  717354022  -6.242179616e-07 nan         
166  717354022  -9.870604315e-07 nan         
167  717354022  -5.488531969e-07 nan         
168  717354022  -6.201152523e-07 nan         
169  717354022  -7.521840995e-07 nan         
170  717354022  -1.248969633e-06 nan         
171  717354022  -7.952930768e-07 nan         
172  717354022  -8.656943023e-07 nan         
173  717354022  4.398333579e-07 nan         
