   0     -29.52000      55.13000    1086.00000
   1     -33.25000     -27.25000    1086.00000
   2     -17.47000     -93.99000    1086.00000
   3       8.62000    -105.66000    1086.00000
   4      29.62000     -55.31000    1086.00000
   5      33.20000      27.20000    1086.00000
   6      17.37000      93.46000    1086.00000
   7      -8.56000     104.98000    1086.00000
   8     -57.92000     108.17000    1086.00000
   9     -65.41000     -53.59000    1086.00000
   10     -34.43000    -185.23000    1086.00000
   11      16.99000    -208.28999    1086.00000
   12      58.30000    -108.89000    1086.00000
   13      65.19000      53.42000    1086.00000
   14      34.05000     183.17000    1086.00000
   15     -16.77000     205.69000    1086.00000
   16     -95.68000     178.70000    1086.00000
   17    -108.40000     -88.82000    1086.00000
   18     -57.21000    -307.79001    1086.00000
   19      28.24000    -346.28000    1086.00000
   20      96.73000    -180.66000    1086.00000
   21     107.82000      88.34000    1086.00000
   22      56.16000     302.14999    1086.00000
   23     -27.66000     339.14999    1086.00000
   24    -142.69000     266.48001    1086.00000
   25    -162.30000    -132.98000    1086.00000
   26     -85.95000    -462.37000    1086.00000
   27      42.45000    -520.47998    1086.00000
   28     145.03000    -270.87000    1086.00000
   29     161.00000     131.92000    1086.00000
   30      83.60000     449.75000    1086.00000
   31     -41.15000     504.54001    1086.00000
   32    -198.78999     371.25000    1086.00000
   33    -227.20000    -186.16000    1086.00000
   34    -120.80000    -649.84998    1086.00000
   35      59.70000    -732.03998    1086.00000
   36     203.37000    -379.81000    1086.00000
   37     224.67000     184.08000    1086.00000
   38     116.21000     625.17999    1086.00000
   39     -57.16000     700.90002    1086.00000
   40    -263.79999     492.67999    1086.00000
   41    -303.20999    -248.44000    1086.00000
   42    -161.96001    -871.32001    1086.00000
   43      80.11000    -982.34998    1086.00000
   44     271.92999    -507.85999    1086.00000
   45     298.70999     244.75000    1086.00000
   46     153.83000     827.54999    1086.00000
   47     -75.60000     927.06000    1086.00000
   48    -337.53000     630.38000    1086.00000
   49    -390.45001    -319.92001    1086.00000
   50    -209.70000   -1128.09998    1086.00000
   51     103.82000   -1273.07996    1086.00000
   52     350.95999    -655.46002    1086.00000
   53     383.01001     313.82001    1086.00000
   54     196.25000    1055.80005    1086.00000
   55     -96.37000    1181.75000    1086.00000
   56    -419.75000     783.94000    1086.00000
   57    -489.07001    -400.72000    1086.00000
   58    -264.28000   -1421.76001    1086.00000
   59     130.99001   -1606.26001    1086.00000
   60     440.73001    -823.10999    1086.00000
   61     477.45001     391.20001    1086.00000
   62     243.28000    1308.80005    1086.00000
   63    -119.35000    1463.54004    1086.00000
   64    -510.22000     952.90002    1086.00000
   65    -599.22998    -490.98999    1086.00000
   66    -326.06000   -1754.10999    1086.00000
   67     161.82001   -1984.22998    1086.00000
   68     541.54999   -1011.40002    1086.00000
   69     581.89001     476.78000    1086.00000
   70     294.67999    1585.30005    1086.00000
   71    -144.42000    1770.91003    1086.00000
   72    -608.66998    1136.76001    1086.00000
   73    -721.13000    -590.87000    1086.00000
   74    -395.42999   -2127.31006    1086.00000
   75     196.52000   -2409.78003    1086.00000
   76     653.78998   -1221.02002    1086.00000
   77     696.15997     570.40997    1086.00000
   78     350.20001    1884.00000    1086.00000
   79    -171.44000    2102.23999    1086.00000
   80    -714.82001    1335.00000    1086.00000
   81    -854.98999    -700.53998    1086.00000
   82    -472.85001   -2543.81006    1086.00000
   83     235.37000   -2886.13989    1086.00000
   84     777.85999   -1452.72998    1086.00000
   85     820.10999     671.96997    1086.00000
   86     409.60001    2203.52002    1086.00000
   87    -200.28000    2455.85010    1086.00000
   88    -828.35999    1547.05005    1086.00000
   89   -1001.03998    -820.21002    1086.00000
   90    -558.84998   -3006.47998    1086.00000
   91     278.66000   -3417.07007    1086.00000
   92     914.21997   -1707.41003    1086.00000
   93     953.56000     781.31000    1086.00000
   94     472.60001    2542.43994    1086.00000
   95    -230.78999    2830.01001    1086.00000
   96    -948.98999    1772.34998    1086.00000
   97    1063.41003   -1986.03003    1086.00000
   98    1096.31995     898.28003    1086.00000
   99     538.92999    2899.31006    1086.00000
   100    -262.82999    3222.94995    1086.00000
   101    -472.54001    2231.32007    1086.00000
   102    -331.41000    1572.89001    1086.00000
   103      26.73000   -1012.67999    1086.00000
   104    -256.22000    3102.07007    1086.00000
   105    -562.87000   -1076.06006    1086.00000
