   0   10398270010842   -0.000000158250   5444.405273437500
   1   10398270010842   0.000000102750   5429.600585937500
   2   10398270010842   0.000000313750   5434.750000000000
   3   10398270010842   0.000000350750   5525.028808593750
   4   10398270010842   0.000000191250   5489.704589843750
   5   10398270010842   -0.000000069750   5479.428222656250
   6   10398270010842   -0.000000279750   5440.501953125000
   7   10398270010842   -0.000000316250   5440.514160156250
   8   10398270010842   -0.000000326250   5516.819335937500
   9   10398270010842   0.000000186250   5539.617187500000
   10   10398270010842   0.000000602750   5598.341308593750
   11   10398270010842   0.000000675750   5627.550781250000
   12   10398270010842   0.000000361250   5672.886718750000
   13   10398270010842   -0.000000152750   5615.461425781250
   14   10398270010842   -0.000000563250   5605.485839843750
   15   10398270010842   -0.000000634750   5607.310546875000
   16   10398270010842   -0.000000548750   5900.056152343750
   17   10398270010842   0.000000298250   5843.678710937500
   18   10398270010842   0.000000991250   5915.285156250000
   19   10398270010842   0.000001113250   5970.644042968750
   20   10398270010842   0.000000588750   5967.309082031250
   21   10398270010842   -0.000000262750   6002.687500000000
   22   10398270010842   -0.000000939750   5945.973632812500
   23   10398270010842   -0.000001056750   5906.726562500000
   24   10398270010842   -0.000000825750   6617.994140625000
   25   10398270010842   0.000000438750   6643.251464843750
   26   10398270010842   0.000001481750   6617.653808593750
   27   10398270010842   0.000001665750   6697.792480468750
   28   10398270010842   0.000000875250   6663.451660156250
   29   10398270010842   -0.000000399750   6765.567871093750
   30   10398270010842   -0.000001405750   6657.748535156250
   31   10398270010842   -0.000001579250   6553.120117187500
   32   10398270010842   -0.000001155750   8063.515625000000
   33   10398270010842   0.000000608750   8274.449218750000
   34   10398270010842   0.000002076750   8432.894531250000
   35   10398270010842   0.000002336750   8392.157226562500
   36   10398270010842   0.000001221750   8528.287109375000
   37   10398270010842   -0.000000563250   8446.517578125000
   38   10398270010842   -0.000001959750   8299.374023437500
   39   10398270010842   -0.000002199750   8354.071289062500
   40   10398270010842   -0.000001538250   13398.256835937500
   41   10398270010842   0.000000808250   13844.182617187500
   42   10398270010842   0.000002780250   14313.637695312500
   43   10398270010842   0.000003131750   14468.858398437500
   44   10398270010842   0.000001629750   14076.501953125000
   45   10398270010842   -0.000000753250   14503.343750000000
   46   10398270010842   -0.000002598250   14115.644531250000
   47   10398270010842   -0.000002913250   13640.168945312500
   48   10398270010842   -0.000001970250   27167.013671875000
   49   10398270010842   0.000001038250   25425.677734375000
   50   10398270010842   0.000003597250   28795.656250000000
   51   10398270010842   0.000004056250   27840.476562500000
   52   10398270010842   0.000002100750   29260.531250000000
   53   10398270010842   -0.000000968250   25699.886718750000
   54   10398270010842   -0.000003317250   34063.312500000000
   55   10398270010842   -0.000003716250   23144.195312500000
   56   10398270010842   -0.000002452250   9364.416992187500
   57   10398270010842   0.000001298750   8656.285156250000
   58   10398270010842   0.000004531750   8250.611328125000
   59   10398270010842   0.000005115750   8091.786132812500
   60   10398270010842   0.000002636250   8294.110351562500
   61   10398270010842   -0.000001208750   9888.201171875000
   62   10398270010842   -0.000004114250   11012.941406250000
   63   10398270010842   -0.000004603750   10099.010742187500
   64   10398270010842   -0.000002981250   3538.861572265625
   65   10398270010842   0.000001591250   3351.869140625000
   66   10398270010842   0.000005590750   3268.545410156250
   67   10398270010842   0.000006319250   3295.354980468750
   68   10398270010842   0.000003239250   3404.441406250000
   69   10398270010842   -0.000001473250   3772.484863281250
   70   10398270010842   -0.000004983250   4079.238037109375
   71   10398270010842   -0.000005571250   3903.754150390625
   72   10398270010842   -0.000003554250   1882.158325195312
   73   10398270010842   0.000001916750   1810.015502929688
   74   10398270010842   0.000006781750   1769.858276367188
   75   10398270010842   0.000007676250   1756.539794921875
   76   10398270010842   0.000003912250   1889.608154296875
   77   10398270010842   -0.000001760750   2067.026611328125
   78   10398270010842   -0.000005920250   2154.147460937500
   79   10398270010842   -0.000006612250   2063.960693359375
   80   10398270010842   -0.000004170750   1159.783813476562
   81   10398270010842   0.000002275750   1091.600097656250
   82   10398270010842   0.000008114250   1073.300415039062
   83   10398270010842   0.000009197250   1097.023559570312
   84   10398270010842   0.000004657750   1155.957397460938
   85   10398270010842   -0.000002071750   1281.322021484375
   86   10398270010842   -0.000006921750   1343.153564453125
   87   10398270010842   -0.000007720750   1274.767089843750
   88   10398270010842   -0.000004828750   766.083190917969
   89   10398270010842   0.000002669750   712.203186035156
   90   10398270010842   0.000009594750   708.055419921875
   91   10398270010842   0.000010895250   713.429138183594
   92   10398270010842   0.000005479750   753.365295410156
   93   10398270010842   -0.000002403750   851.677368164062
   94   10398270010842   -0.000007981750   889.261474609375
   95   10398270010842   -0.000008892250   839.865051269531
   96   10398270010842   -0.000005524750   547.882873535156
   97   10398270010842   0.000006383250   526.920837402344
   98   10398270010842   -0.000002756750   598.852722167969
   99   10398270010842   -0.000009096750   618.868835449219
   100   10398270010842   -0.000010120750   598.439331054688
   101   10398270010842   -0.000007005750   1059.614624023438
   102   10398270010842   -0.000004943250   3402.412597656250
   103   10398270010842   0.000003227750   14396.898437500000
   104   10398270010842   -0.000009742750   653.220336914062
   105   10398270010842   0.000003445750   2837.763183593750
 10   0       0.000       0.000
