   0     -49.33000     129.07001    1086.00000
   1     -55.05000     -68.23000    1086.00000
   2     -28.44000    -226.61000    1086.00000
   3      14.99000    -252.17000    1086.00000
   4      49.55000    -129.64000    1086.00000
   5      54.92000      68.08000    1086.00000
   6      28.22000     224.87000    1086.00000
   7     -14.86000     250.00999    1086.00000
   8     -92.76000     242.71001    1086.00000
   9    -103.83000    -128.70000    1086.00000
   10     -53.76000    -428.44000    1086.00000
   11      28.35000    -476.95001    1086.00000
   12      93.53000    -244.74001    1086.00000
   13     103.38000     128.13000    1086.00000
   14      52.99000     422.26001    1086.00000
   15     -27.90000     469.29999    1086.00000
   16    -149.58000     391.38000    1086.00000
   17    -168.09000    -208.35001    1086.00000
   18     -87.31000    -695.79999    1086.00000
   19      46.07000    -774.96002    1086.00000
   20     151.61000    -396.69000    1086.00000
   21     166.89999     206.87000    1086.00000
   22      85.29000     679.63000    1086.00000
   23     -44.88000     754.96997    1086.00000
   24    -219.58000     574.54999    1086.00000
   25    -247.95000    -307.32999    1086.00000
   26    -129.31000   -1030.43994    1086.00000
   27      68.27000   -1148.42004    1086.00000
   28     223.98000    -586.06000    1086.00000
   29     245.38000     304.14001    1086.00000
   30     124.91000     995.39001    1086.00000
   31     -65.69000    1105.05005    1086.00000
   32    -302.51001     791.54999    1086.00000
   33    -343.57999    -425.85999    1086.00000
   34    -180.03000   -1434.63000    1086.00000
   35      95.12000   -1600.13000    1086.00000
   36     310.92001    -813.54999    1086.00000
   37     338.64999     419.75000    1086.00000
   38     171.61000    1367.57996    1086.00000
   39     -90.19000    1517.17004    1086.00000
   40    -398.07999    1041.60999    1086.00000
   41    -455.14999    -564.15002    1086.00000
   42    -239.83000   -1911.14001    1086.00000
   43     126.83000   -2133.57007    1086.00000
   44     412.76999   -1080.06006    1086.00000
   45     446.54001     553.47998    1086.00000
   46     225.12000    1793.96997    1086.00000
   47    -118.21000    1988.56995    1086.00000
   48    -505.95001    1323.87000    1086.00000
   49    -582.90002    -722.50000    1086.00000
   50    -309.12000   -2463.31006    1086.00000
   51     163.64999   -2752.93994    1086.00000
   52     529.92999   -1386.60999    1086.00000
   53     568.85999     705.09003    1086.00000
   54     285.12000    2272.05005    1086.00000
   55    -149.57001    2516.20996    1086.00000
   56    -625.76001    1637.35999    1086.00000
   57    -727.09003    -901.21002    1086.00000
   58    -388.39999   -3095.13989    1086.00000
   59     205.87000   -3463.27002    1086.00000
   60     662.84998   -1734.41003    1086.00000
   61     705.35999     874.28998    1086.00000
   62     351.25000    2799.06006    1086.00000
   63    -184.08000    3096.75000    1086.00000
   64    -757.09998    1981.01001    1086.00000
   65    -888.01001   -1100.67004    1086.00000
   66    -478.26999   -3811.30005    1086.00000
   67     253.86000   -4270.50977    1086.00000
   68     812.07001   -2124.86011    1086.00000
   69     855.82001    1060.77002    1086.00000
   70     423.16000    3372.08008    1086.00000
   71    -221.53000    3726.62988    1086.00000
   72    -899.52002    2353.68994    1086.00000
   73   -1066.00000   -1321.28003    1086.00000
   74    -579.41998   -4617.29004    1086.00000
   75     308.01999   -5181.68018    1086.00000
   76     978.21002   -2559.57007    1086.00000
   77    1019.94000    1264.19995    1086.00000
   78     500.45001    3988.00000    1086.00000
   79    -261.67999    4402.14014    1086.00000
   80   -1052.58997    2754.18994    1086.00000
   81   -1261.43005   -1563.52002    1086.00000
   82    -692.64001   -5519.52002    1086.00000
   83     368.85001   -6205.04004    1086.00000
   84    1161.94995   -3040.36011    1086.00000
   85    1197.44995    1484.20996    1086.00000
   86     582.71997    4643.60986    1086.00000
   87    -304.32001    5119.43994    1086.00000
   88   -1215.80005    3181.23999    1086.00000
   89   -1474.72998   -1827.89001    1086.00000
   90    -818.87000   -6525.47021    1086.00000
   91     436.92999   -7350.25977    1086.00000
   92    1364.09998   -3569.29004    1086.00000
   93    1388.02002    1720.42004    1086.00000
   94     669.56000    5335.60010    1086.00000
   95    -349.20999    5874.60986    1086.00000
   96     395.66000    -673.46997    1086.00000
   97     736.71997    2044.04004    1086.00000
   98    -369.26001   -5657.52979    1086.00000
   99     529.10999   -3531.65991    1086.00000
   100    -941.03003   -2226.59009    1086.00000
