   0   10398270010272   -0.000000392750   3324.975585937500
   1   10398270010272   0.000000249750   3348.134765625000
   2   10398270010272   0.000000765250   3333.663818359375
   3   10398270010272   0.000000848750   3330.939697265625
   4   10398270010272   0.000000449750   3344.617187500000
   5   10398270010272   -0.000000193750   3324.426269531250
   6   10398270010272   -0.000000704250   3368.274902343750
   7   10398270010272   -0.000000786250   3341.301757812500
   8   10398270010272   -0.000000762250   3416.570312500000
   9   10398270010272   0.000000446750   3427.456054687500
   10   10398270010272   0.000001422750   3407.855468750000
   11   10398270010272   0.000001580250   3416.549560546875
   12   10398270010272   0.000000824750   3392.459960937500
   13   10398270010272   -0.000000389250   3398.451171875000
   14   10398270010272   -0.000001346750   3391.486083984375
   15   10398270010272   -0.000001499750   3436.962158203125
   16   10398270010272   -0.000001245750   3602.721435546875
   17   10398270010272   0.000000706250   3602.142822265625
   18   10398270010272   0.000002293250   3601.741943359375
   19   10398270010272   0.000002550750   3609.581054687500
   20   10398270010272   0.000001319250   3579.102539062500
   21   10398270010272   -0.000000645250   3551.477050781250
   22   10398270010272   -0.000002183750   3569.850585937500
   23   10398270010272   -0.000002429250   3598.453613281250
   24   10398270010272   -0.000001841250   3937.201660156250
   25   10398270010272   0.000001029750   4028.739501953125
   26   10398270010272   0.000003383750   4007.929443359375
   27   10398270010272   0.000003767750   4004.936035156250
   28   10398270010272   0.000001936750   3965.955322265625
   29   10398270010272   -0.000000960750   3987.926513671875
   30   10398270010272   -0.000003210750   3943.141113281250
   31   10398270010272   -0.000003567750   3943.053710937500
   32   10398270010272   -0.000002545750   4760.698242187500
   33   10398270010272   0.000001417250   4875.418945312500
   34   10398270010272   0.000004701250   4883.974121093750
   35   10398270010272   0.000005239750   4987.416992187500
   36   10398270010272   0.000002679250   4897.225097656250
   37   10398270010272   -0.000001335250   4820.153808593750
   38   10398270010272   -0.000004420750   4796.632812500000
   39   10398270010272   -0.000004907750   4780.997070312500
   40   10398270010272   -0.000003357250   6759.843261718750
   41   10398270010272   0.000001870250   7122.385742187500
   42   10398270010272   0.000006254750   7458.138183593750
   43   10398270010272   0.000006978750   7400.977539062500
   44   10398270010272   0.000003549250   7034.538085937500
   45   10398270010272   -0.000001768250   7019.208984375000
   46   10398270010272   -0.000005806250   6940.363769531250
   47   10398270010272   -0.000006439750   6816.599121093750
   48   10398270010272   -0.000004271750   13274.725585937500
   49   10398270010272   0.000002389750   17956.935546875000
   50   10398270010272   0.000008056750   19687.384765625000
   51   10398270010272   0.000008999250   15228.801757812500
   52   10398270010272   0.000004551750   14017.760742187500
   53   10398270010272   -0.000002257750   14669.896484375000
   54   10398270010272   -0.000007358750   14691.140625000000
   55   10398270010272   -0.000008153250   14924.397460937500
   56   10398270010272   -0.000005287250   6903.857421875000
   57   10398270010272   0.000002976750   6156.556152343750
   58   10398270010272   0.000010119250   5831.202148437500
   59   10398270010272   0.000011317250   5214.686035156250
   60   10398270010272   0.000005689250   5541.008789062500
   61   10398270010272   -0.000002803250   7052.821777343750
   62   10398270010272   -0.000009068750   8891.636718750000
   63   10398270010272   -0.000010038250   8556.165039062500
   64   10398270010272   -0.000006398750   2719.148681640625
   65   10398270010272   0.000003633750   2474.408447265625
   66   10398270010272   0.000012458750   2308.576904296875
   67   10398270010272   0.000013953250   2248.425292968750
   68   10398270010272   0.000006968250   2339.026367187500
   69   10398270010272   -0.000003402750   2801.007568359375
   70   10398270010272   -0.000010927250   3209.363281250000
   71   10398270010272   -0.000012081750   3089.885986328125
   72   10398270010272   -0.000007602750   1461.994750976562
   73   10398270010272   0.000004362250   1351.499511718750
   74   10398270010272   0.000015094250   1260.875488281250
   75   10398270010272   0.000016930750   1231.575561523438
   76   10398270010272   0.000008393750   1310.998046875000
   77   10398270010272   -0.000004055250   1506.625610351562
   78   10398270010272   -0.000012923250   1679.241088867188
   79   10398270010272   -0.000014271750   1634.319213867188
   80   10398270010272   -0.000008895250   932.987548828125
   81   10398270010272   0.000005164250   833.541320800781
   82   10398270010272   0.000018045250   780.309448242188
   83   10398270010272   0.000020277750   761.599731445312
   84   10398270010272   0.000009972750   823.671508789062
   85   10398270010272   -0.000004758750   925.729125976562
   86   10398270010272   -0.000015045750   1033.538208007812
   87   10398270010272   -0.000016595250   1012.455932617188
   88   10398270010272   -0.000010270750   629.411437988281
   89   10398270010272   0.000006043750   558.961791992188
   90   10398270010272   0.000021339750   515.863098144531
   91   10398270010272   0.000024025250   509.253326416016
   92   10398270010272   0.000011711750   559.467407226562
   93   10398270010272   -0.000005511750   624.264038085938
   94   10398270010272   -0.000017283750   700.716064453125
   95   10398270010272   -0.000019039250   687.630676269531
   96   10398270010272   0.000002224750   5894.585449218750
   97   10398270010272   -0.000006604250   3094.707275390625
   98   10398270010272   0.000018487750   956.837402343750
   99   10398270010272   0.000011546750   2424.201904296875
   100   10398270010272   0.000007305750   1570.274169921875
 10   0       0.000       0.000
