   0     -98.87000     526.56000    1086.00000
   1    -109.89000    -291.67001    1086.00000
   2     -56.21000    -946.92999    1086.00000
   3      30.97000   -1046.82996    1086.00000
   4      99.66000    -530.76001    1086.00000
   5     109.41000     290.39999    1086.00000
   6      55.42000     933.64001    1086.00000
   7     -30.49000    1030.62000    1086.00000
   8    -172.89000     920.77002    1086.00000
   9    -193.05000    -512.40002    1086.00000
   10     -99.11000   -1669.72998    1086.00000
   11      54.63000   -1846.93994    1086.00000
   12     175.31000    -933.67999    1086.00000
   13     191.58000     508.48999    1086.00000
   14      96.68000    1628.87000    1086.00000
   15     -53.16000    1797.07996    1086.00000
   16    -266.92001    1421.58997    1086.00000
   17    -299.82999    -795.79999    1086.00000
   18    -154.67000   -2605.69995    1086.00000
   19      85.32000   -2884.37012    1086.00000
   20     272.75000   -1452.60999    1086.00000
   21     296.28000     786.40002    1086.00000
   22     148.84000    2507.54004    1086.00000
   23     -81.78000    2764.57007    1086.00000
   24    -380.51999    2026.57996    1086.00000
   25    -430.51001   -1142.66003    1086.00000
   26    -223.39999   -3763.59009    1086.00000
   27     123.35000   -4169.89990    1086.00000
   28     392.45999   -2090.21997    1086.00000
   29     423.23999    1123.37000    1086.00000
   30     211.44000    3562.17993    1086.00000
   31    -116.08000    3924.07007    1086.00000
   32    -513.12000    2732.84009    1086.00000
   33    -585.46997   -1553.95996    1086.00000
   34    -305.95999   -5154.52002    1086.00000
   35     169.12000   -5717.27002    1086.00000
   36     535.09003   -2849.84009    1086.00000
   37     572.12000    1518.51001    1086.00000
   38     283.97000    4784.06006    1086.00000
   39    -155.75000    5265.04004    1086.00000
   40    -664.12000    3537.01001    1086.00000
   41    -765.15997   -2030.88000    1086.00000
   42    -403.16000   -6792.20996    1086.00000
   43     223.14000   -7543.50000    1086.00000
   44     701.39001   -3735.50000    1086.00000
   45     742.50000    1970.75000    1086.00000
   46     365.82999    6163.29004    1086.00000
   47    -200.42999    6775.62988    1086.00000
   48    -832.78998    4435.35986    1086.00000
   49    -970.08002   -2574.79004    1086.00000
   50    -516.01001   -8693.32031    1086.00000
   51     286.03000   -9669.42969    1086.00000
   52     892.25000   -4752.00000    1086.00000
   53     933.96002    2478.89990    1086.00000
   54     456.39999    7689.10010    1086.00000
   55    -249.75000    8442.95020    1086.00000
   56   -1018.38000    5423.79004    1086.00000
   57   -1200.84998   -3187.28003    1086.00000
   58    -645.67999   -10877.95996    1086.00000
   59     358.53000   -12120.33008    1086.00000
   60    1108.72998   -5904.93994    1086.00000
   61    1145.96997    3041.63989    1086.00000
   62     554.97998    9349.95996    1086.00000
   63    -303.29999   10253.33008    1086.00000
   64   -1220.06006    6497.91016    1086.00000
   65   -1458.13000   -3870.16992    1086.00000
   66    -793.60999   -13370.21973    1086.00000
   67     441.54999   -14926.71973    1086.00000
   68    1352.05005   -7200.85010    1086.00000
   69    1378.01001    3657.51001    1086.00000
   70     660.87000   11133.82031    1086.00000
   71    -360.67001   12192.55957    1086.00000
   72   -1436.94995    7653.04004    1086.00000
   73   -1742.70996   -4625.49023    1086.00000
   74    -961.51001   -16198.87988    1086.00000
   75     536.16998   -18125.42969    1086.00000
   76    1623.63000   -8647.25000    1086.00000
   77    1629.47998    4324.95020    1086.00000
   78     773.32001   13028.29980    1086.00000
   79    -421.42001   14246.15039    1086.00000
   80   -1668.14001    8884.33008    1086.00000
   81   -2055.44995   -5455.58008    1086.00000
   82    1925.08997   -10252.79004    1086.00000
   83    1899.75000    5042.29980    1086.00000
   84     891.59003   15020.87012    1086.00000
   85    -485.10999   16399.53906    1086.00000
   86    1014.95001   17099.03906    1086.00000
   87    -551.34003   18638.34961    1086.00000
   88   -1681.93994    6549.83008    1086.00000
   89    1874.14001   -10964.30957    1086.00000
   90    1184.91003    3683.61011    1086.00000
   91    -772.20001    2120.97998    1086.00000
