   0   1039827009612   -0.000001688750   1258.911499023438
   1   1039827009612   0.000001025750   1266.268188476562
   2   1039827009612   0.000003199750   1266.483276367188
   3   1039827009612   0.000003530750   1270.424438476562
   4   1039827009612   0.000001818750   1268.013671875000
   5   1039827009612   -0.000000905250   1255.895996093750
   6   1039827009612   -0.000003039250   1252.902954101562
   7   1039827009612   -0.000003360750   1252.480346679688
   8   1039827009612   -0.000002996250   1277.630249023438
   9   1039827009612   0.000001758250   1291.040649414062
   10   1039827009612   0.000005597750   1306.156005859375
   11   1039827009612   0.000006185750   1293.142089843750
   12   1039827009612   0.000003155750   1296.574707031250
   13   1039827009612   -0.000001628750   1272.088012695312
   14   1039827009612   -0.000005345250   1270.142456054688
   15   1039827009612   -0.000005903250   1271.056640625000
   16   1039827009612   -0.000004656750   1309.460449218750
   17   1039827009612   0.000002699250   1340.569213867188
   18   1039827009612   0.000008703750   1358.955444335938
   19   1039827009612   0.000009627750   1358.310058593750
   20   1039827009612   0.000004878250   1344.796752929688
   21   1039827009612   -0.000002549750   1328.100830078125
   22   1039827009612   -0.000008259750   1310.761108398438
   23   1039827009612   -0.000009112250   1308.610229492188
   24   1039827009612   -0.000006662750   1400.825805664062
   25   1039827009612   0.000003851250   1446.005615234375
   26   1039827009612   0.000012546250   1474.064697265625
   27   1039827009612   0.000013894250   1471.844238281250
   28   1039827009612   0.000006994750   1455.454345703125
   29   1039827009612   -0.000003666250   1420.654418945312
   30   1039827009612   -0.000011756750   1393.727905273438
   31   1039827009612   -0.000012957250   1389.414672851562
   32   1039827009612   -0.000009003750   1576.368530273438
   33   1039827009612   0.000005217750   1654.485107421875
   34   1039827009612   0.000017162750   1722.012817382812
   35   1039827009612   0.000019029750   1714.371337890625
   36   1039827009612   0.000009516750   1664.700439453125
   37   1039827009612   -0.000004975250   1604.204101562500
   38   1039827009612   -0.000015808250   1556.778076171875
   39   1039827009612   -0.000017404250   1543.772705078125
   40   1039827009612   -0.000011668250   1916.287963867188
   41   1039827009612   0.000006803250   2091.518554687500
   42   1039827009612   0.000022599250   2294.257080078125
   43   1039827009612   0.000025091250   2269.280517578125
   44   1039827009612   0.000012458250   2123.005859375000
   45   1039827009612   -0.000006472250   1997.135986328125
   46   1039827009612   -0.000020381250   1898.217651367188
   47   1039827009612   -0.000022412750   1880.659057617188
   48   1039827009612   -0.000014644250   2777.264648437500
   49   1039827009612   0.000008612250   3381.088378906250
   50   1039827009612   0.000028910750   3951.136962890625
   51   1039827009612   0.000032149250   4214.973632812500
   52   1039827009612   0.000015835250   3389.669433593750
   53   1039827009612   -0.000008153750   2957.776611328125
   54   1039827009612   -0.000025438750   2773.185302734375
   55   1039827009612   -0.000027939750   2704.289306640625
   56   1039827009612   -0.000017917250   5853.852539062500
   57   1039827009612   0.000010650750   7369.301269531250
   58   1039827009612   0.000036165250   5077.848144531250
   59   1039827009612   0.000040287250   4568.278808593750
   60   1039827009612   0.000019666750   5009.676269531250
   61   1039827009612   -0.000010014250   7443.652343750000
   62   1039827009612   -0.000030942750   6822.885253906250
   63   1039827009612   -0.000033939750   5864.908691406250
   64   1039827009612   -0.000021472750   2840.575683593750
   65   1039827009612   0.000012925250   2151.174560546875
   66   1039827009612   0.000044443250   1657.940185546875
   67   1039827009612   0.000049606750   1530.121459960938
   68   1039827009612   0.000023974750   1764.531738281250
   69   1039827009612   -0.000012049250   2813.419189453125
   70   1039827009612   -0.000036853250   4226.248046875000
   71   1039827009612   -0.000040365750   4237.383300781250
   72   1039827009612   -0.000025294750   1218.087402343750
   73   1039827009612   0.000015442750   973.886474609375
   74   1039827009612   0.000053840750   799.723083496094
   75   1039827009612   0.000060232250   753.071960449219
   76   1039827009612   0.000028785250   877.239990234375
   77   1039827009612   -0.000014252750   1185.821411132812
   78   1039827009612   -0.000043128250   1498.697509765625
   79   1039827009612   -0.000047169250   1518.672241210938
   80   1039827009612   -0.000029367250   705.658630371094
   81   1039827009612   0.000018212250   576.157958984375
   82   1039827009612   0.000034127250   518.434143066406
   83   1039827009612   -0.000016619250   667.426147460938
   84   1039827009612   -0.000049726750   799.791992187500
   85   1039827009612   -0.000054301250   811.473205566406
   86   1039827009612   -0.000056605250   508.891998291016
   87   1039827009612   -0.000061713750   513.511718750000
   88   1039827009612   -0.000021627750   832.632873535156
   89   1039827009612   0.000036487250   520.168212890625
   90   1039827009612   -0.000012142250   6461.802734375000
   91   1039827009612   -0.000006970250   2062.743164062500
 10   0       0.000       0.000
