   0    -158.30000    1739.70996    1086.00000
   1    -176.55000    -977.96997    1086.00000
   2     -90.41000   -3170.09009    1086.00000
   3      50.33000   -3501.16992    1086.00000
   4     160.58000   -1764.70996    1086.00000
   5     175.14999     970.25000    1086.00000
   6      88.13000    3090.32007    1086.00000
   7     -48.93000    3404.12012    1086.00000
   8    -255.78000    2810.97998    1086.00000
   9    -287.23001   -1591.09998    1086.00000
   10    -147.91000   -5186.47021    1086.00000
   11      82.41000   -5732.99023    1086.00000
   12     261.76999   -2876.84009    1086.00000
   13     283.56000    1570.75000    1086.00000
   14     141.92000    4976.29004    1086.00000
   15     -78.74000    5477.27979    1086.00000
   16    -375.56000    4127.35010    1086.00000
   17    -425.35999   -2356.21997    1086.00000
   18    -220.58000   -7734.56006    1086.00000
   19     123.03000   -8558.75977    1086.00000
   20     388.62000   -4270.89014    1086.00000
   21     417.35001    2311.86011    1086.00000
   22     207.50999    7276.27002    1086.00000
   23    -115.02000    8001.10986    1086.00000
   24    -516.90997    5680.72021    1086.00000
   25    -591.41998   -3276.11011    1086.00000
   26    -309.32001   -10846.05957    1086.00000
   27     172.75000   -12017.54980    1086.00000
   28     541.97998   -5956.25000    1086.00000
   29     576.04999    3190.97998    1086.00000
   30     284.22000    9965.86035    1086.00000
   31    -157.35001   10946.32031    1086.00000
   32    -678.96997    7461.72021    1086.00000
   33    -786.03998   -4354.18018    1086.00000
   34    -415.26001   -14560.94043    1086.00000
   35     232.28000   -16158.95020    1086.00000
   36     722.89001   -7944.43994    1086.00000
   37     759.12000    4205.08008    1086.00000
   38     371.23999   13017.42969    1086.00000
   39    -205.27000   14279.91016    1086.00000
   40    -860.78003    9459.82031    1086.00000
   41   -1009.94000   -5594.47998    1086.00000
   42    -539.83002   -18928.83008    1086.00000
   43     302.51999   -21044.98047    1086.00000
   44     932.63000   -10249.37012    1086.00000
   45     965.94000    5350.72021    1086.00000
   46     467.73001   16400.77930    1086.00000
   47    -258.26001   17966.06055    1086.00000
   48   -1061.30005   11663.50977    1086.00000
   49   -1263.98999   -7001.70996    1086.00000
   50    -684.76001   -24010.78906    1086.00000
   51     384.57001   -26752.51953    1086.00000
   52    1172.68005   -12887.55957    1086.00000
   53    1195.80005    6624.02979    1086.00000
   54     572.77002   20083.88086    1086.00000
   55    -315.76999   21966.97070    1086.00000
   56   -1279.41003   14060.44043    1086.00000
   57   -1549.14001   -8581.30957    1086.00000
   58    -852.19000   -29881.58984    1086.00000
   59     479.79001   -33376.69141    1086.00000
   60    1444.83997   -15878.48047    1086.00000
   61    1447.95996    8020.81982    1086.00000
   62     685.40997   24033.46094    1086.00000
   63    -377.25000   26243.77930    1086.00000
   64   -1513.91003   16637.55078    1086.00000
   65   -1866.54004   -10339.48047    1086.00000
   66   -1044.72998   -36632.80078    1086.00000
   67     589.88000   -41035.17188    1086.00000
   68    1751.16003   -19244.91992    1086.00000
   69    1721.58997    9536.53027    1086.00000
   70     804.67999   28215.75977    1086.00000
   71    -442.14001   30757.33008    1086.00000
   72   -1763.56995   19381.31055    1086.00000
   73   -2217.43994   -12283.26953    1086.00000
   74   -1265.57996   -44376.69922    1086.00000
   75     716.94000   -49874.14844    1086.00000
   76    2094.07007   -23013.43945    1086.00000
   77    2015.81006   11166.34961    1086.00000
   78     929.64001   32597.08984    1086.00000
   79    -509.85999   35468.91016    1086.00000
   80   -2027.14001   22277.80078    1086.00000
   81   -2603.29004   -14420.62988    1086.00000
   82    2476.38989   -27214.96094    1086.00000
   83    2329.70996   12905.16992    1086.00000
   84    1059.31995   37144.35156    1086.00000
   85    -579.90002   40340.92188    1086.00000
   86   -2303.31006   25312.91992    1086.00000
   87    2662.33008   14747.69043    1086.00000
   88    1192.81995   41825.55859    1086.00000
   89    -651.71997   45337.37109    1086.00000
   90    1740.72998   -38876.05078    1086.00000
   91     373.89001   -6414.00000    1086.00000
   92     -33.75000   51944.67188    1086.00000
   93    2040.69995   -9175.84961    1086.00000
   94   -2601.45996   13138.70020    1086.00000
   95   -1669.81995   -15111.08008    1086.00000
