   0   1039827009292   -0.000005689250   620.965759277344
   1   1039827009292   0.000003365750   628.692016601562
   2   1039827009292   0.000010669250   632.918518066406
   3   1039827009292   0.000011772250   632.569274902344
   4   1039827009292   0.000005986750   631.827270507812
   5   1039827009292   -0.000003125750   622.738830566406
   6   1039827009292   -0.000010189250   622.051330566406
   7   1039827009292   -0.000011234750   619.205810546875
   8   1039827009292   -0.000009257750   621.862976074219
   9   1039827009292   0.000005408750   633.963745117188
   10   1039827009292   0.000017388250   643.701904296875
   11   1039827009292   0.000019208750   651.281921386719
   12   1039827009292   0.000009692750   643.160156250000
   13   1039827009292   -0.000005125750   627.348999023438
   14   1039827009292   -0.000016472750   621.487792968750
   15   1039827009292   -0.000018141750   618.957336425781
   16   1039827009292   -0.000013643250   637.428833007812
   17   1039827009292   0.000007958750   649.503601074219
   18   1039827009292   0.000025878250   668.193969726562
   19   1039827009292   0.000028624750   671.215942382812
   20   1039827009292   0.000014338250   661.975402832031
   21   1039827009292   -0.000007594250   641.711242675781
   22   1039827009292   -0.000024134750   629.434082031250
   23   1039827009292   -0.000026549750   628.185058593750
   24   1039827009292   -0.000018817750   655.458679199219
   25   1039827009292   0.000011025250   683.801818847656
   26   1039827009292   0.000036246750   717.818115234375
   27   1039827009292   0.000040149750   728.735778808594
   28   1039827009292   0.000019954750   694.298522949219
   29   1039827009292   -0.000010522250   671.020263671875
   30   1039827009292   -0.000033095250   649.892456054688
   31   1039827009292   -0.000036361750   649.462890625000
   32   1039827009292   -0.000024749750   702.244018554688
   33   1039827009292   0.000014618750   748.007873535156
   34   1039827009292   0.000048625750   791.398986816406
   35   1039827009292   0.000053950250   813.426818847656
   36   1039827009292   0.000026580750   766.101074218750
   37   1039827009292   -0.000013899250   713.799987792969
   38   1039827009292   -0.000043260750   689.115783691406
   39   1039827009292   -0.000047466750   679.422180175781
   40   1039827009292   -0.000031404750   767.963134765625
   41   1039827009292   0.000018754250   850.590270996094
   42   1039827009292   0.000063182250   948.459472656250
   43   1039827009292   0.000070232750   967.294250488281
   44   1039827009292   0.000034263250   874.875183105469
   45   1039827009292   -0.000017713750   801.516052246094
   46   1039827009292   -0.000054530750   753.697082519531
   47   1039827009292   -0.000059746250   735.497314453125
   48   1039827009292   -0.000038743250   896.656433105469
   49   1039827009292   0.000023446750   1060.818115234375
   50   1039827009292   0.000080118750   1316.294067382812
   51   1039827009292   0.000089253250   1315.185913085938
   52   1039827009292   0.000043057250   1090.931518554688
   53   1039827009292   -0.000021952750   922.897888183594
   54   1039827009292   -0.000066798750   869.080871582031
   55   1039827009292   -0.000073073250   847.730102539062
   56   1039827009292   -0.000046724750   1140.107299804688
   57   1039827009292   0.000028715250   1572.542602539062
   58   1039827009292   0.000099684750   2408.392822265625
   59   1039827009292   0.000111329750   2166.470458984375
   60   1039827009292   0.000053028250   1565.979980468750
   61   1039827009292   -0.000026601250   1230.109130859375
   62   1039827009292   -0.000079953750   1105.474121093750
   63   1039827009292   -0.000087318250   1062.800537109375
   64   1039827009292   -0.000055305250   1630.104858398438
   65   1039827009292   0.000034580250   3308.498779296875
   66   1039827009292   0.000122187250   2271.121826171875
   67   1039827009292   0.000136855250   1710.532226562500
   68   1039827009292   0.000064252250   2183.886718750000
   69   1039827009292   -0.000031644750   1948.654052734375
   70   1039827009292   -0.000093882250   1649.520385742188
   71   1039827009292   -0.000102350750   1542.621215820312
   72   1039827009292   -0.000064438750   2766.214111328125
   73   1039827009292   0.000041066250   1558.576904296875
   74   1039827009292   0.000147999750   814.464111328125
   75   1039827009292   0.000166316250   696.903259277344
   76   1039827009292   0.000076818250   1020.204528808594
   77   1039827009292   -0.000037066750   2603.314453125000
   78   1039827009292   -0.000108472750   3605.951416015625
   79   1039827009292   -0.000118041750   3169.473388671875
   80   1039827009292   -0.000074079750   1151.815185546875
   81   1039827009292   0.000048199750   687.677978515625
   82   1039827009292   0.000090829750   528.117065429688
   83   1039827009292   -0.000042849750   1031.614746093750
   84   1039827009292   -0.000123614750   2127.182861328125
   85   1039827009292   -0.000134265750   1960.482421875000
   86   1039827009292   -0.000084180250   596.432922363281
   87   1039827009292   -0.000048976250   551.732238769531
   88   1039827009292   -0.000139200750   847.005371093750
   89   1039827009292   -0.000150902750   856.172058105469
   90   1039827009292   0.000129674250   691.635070800781
   91   1039827009292   0.000021478750   675.805480957031
   92   1039827009292   -0.000172904750   508.539154052734
   93   1039827009292   0.000030707250   2112.831542968750
   94   1039827009292   -0.000043618750   605.580322265625
   95   1039827009292   0.000050475750   2570.641845703125
 10   0       0.000       0.000
