   0     -39.02000      86.02000    1086.00000
   1     -43.70000     -44.26000    1086.00000
   2     -22.73000    -149.20000    1086.00000
   3      11.67000    -166.70000    1086.00000
   4      39.17000     -86.34000    1086.00000
   5      43.62000      44.18000    1086.00000
   6      22.58000     148.25000    1086.00000
   7     -11.58000     165.50999    1086.00000
   8     -73.89000     162.89000    1086.00000
   9     -82.97000     -84.03000    1086.00000
   10     -43.23000    -283.82001    1086.00000
   11      22.20000    -317.22000    1086.00000
   12      74.41000    -164.05000    1086.00000
   13      82.67000      83.73000    1086.00000
   14      42.71000     280.38000    1086.00000
   15     -21.90000     312.92999    1086.00000
   16    -119.65000     263.76999    1086.00000
   17    -134.80000    -136.52000    1086.00000
   18     -70.43000    -462.37000    1086.00000
   19      36.18000    -517.01001    1086.00000
   20     121.03000    -266.81000    1086.00000
   21     134.00000     135.72000    1086.00000
   22      69.05000     453.29999    1086.00000
   23     -35.39000     505.70001    1086.00000
   24    -176.16000     388.34000    1086.00000
   25    -199.27000    -201.83000    1086.00000
   26    -104.47000    -685.84003    1086.00000
   27      53.70000    -767.32001    1086.00000
   28     179.16000    -394.97000    1086.00000
   29     197.55000     200.08000    1086.00000
   30     101.46000     666.08002    1086.00000
   31     -51.97000     742.67999    1086.00000
   32    -243.23000     536.21002    1086.00000
   33    -276.51001    -280.04999    1086.00000
   34    -145.55000    -955.52002    1086.00000
   35      74.87000   -1069.77002    1086.00000
   36     249.00999    -548.94000    1086.00000
   37     273.20001     276.70001    1086.00000
   38     139.77000     917.59998    1086.00000
   39     -71.56000    1022.46997    1086.00000
   40    -320.67999     706.94000    1086.00000
   41    -366.63000    -371.32999    1086.00000
   42    -193.91000   -1272.96997    1086.00000
   43      99.82000   -1426.32996    1086.00000
   44     330.79001    -729.22998    1086.00000
   45     360.84000     365.45999    1086.00000
   46     183.78999    1206.55005    1086.00000
   47     -94.02000    1343.45996    1086.00000
   48    -408.25000     900.00000    1086.00000
   49    -469.79001    -475.82001    1086.00000
   50    -249.83000   -1640.07996    1086.00000
   51     128.72000   -1839.37000    1086.00000
   52     424.78000    -936.44000    1086.00000
   53     460.32001     466.22000    1086.00000
   54     233.28000    1531.45996    1086.00000
   55    -119.24000    1703.84998    1086.00000
   56    -505.69000    1114.81006    1086.00000
   57    -586.16998    -593.67999    1086.00000
   58    -313.64999   -2059.06006    1086.00000
   59     161.78000   -2311.72998    1086.00000
   60     531.29999   -1171.28003    1086.00000
   61     571.50000     578.82001    1086.00000
   62     288.01001    1890.71997    1086.00000
   63    -147.08000    2101.63989    1086.00000
   64    -612.71997    1350.75000    1086.00000
   65    -715.96002    -725.14001    1086.00000
   66    -385.76999   -2532.53003    1086.00000
   67     199.22000   -2846.71997    1086.00000
   68     650.71997   -1434.54004    1086.00000
   69     694.19000     703.09003    1086.00000
   70     347.69000    2282.56006    1086.00000
   71    -177.38000    2534.69995    1086.00000
   72    -729.01001    1607.13000    1086.00000
   73    -859.40002    -870.40997    1086.00000
   74    -466.64999   -3063.51001    1086.00000
   75     241.32001   -3448.22998    1086.00000
   76     783.46002   -1727.16003    1086.00000
   77     828.21997     838.84003    1086.00000
   78     412.06000    2705.14990    1086.00000
   79    -210.00000    3000.78003    1086.00000
   80    -854.25000    1883.22998    1086.00000
   81   -1016.72998   -1029.76001    1086.00000
   82    -556.83002   -3655.50000    1086.00000
   83     288.38000   -4120.77979    1086.00000
   84     929.98999   -2050.17993    1086.00000
   85     973.39001     985.85999    1086.00000
   86     480.82001    3156.54004    1086.00000
   87    -244.77000    3497.54004    1086.00000
   88    -988.09003    2178.27002    1086.00000
   89   -1188.23999   -1203.46997    1086.00000
   90    -656.91998   -4312.56006    1086.00000
   91     340.79001   -4869.62012    1086.00000
   92    1090.83997   -2404.79004    1086.00000
   93    1129.45996    1143.93994    1086.00000
   94     553.65997    3634.72998    1086.00000
   95    -281.51001    4022.57007    1086.00000
   96   -1130.16003    2491.46997    1086.00000
   97    1296.22998    1312.84998    1086.00000
   98     630.28003    4137.68018    1086.00000
   99    -320.06000    4573.41992    1086.00000
   100     771.28998   -1792.23999    1086.00000
   101   -1011.17999    -470.60999    1086.00000
