   0   10398270010522   -0.000000254750   3944.579833984375
   1   10398270010522   0.000000164750   3933.755371093750
   2   10398270010522   0.000000502250   3944.609375000000
   3   10398270010522   0.000000558750   3928.924804687500
   4   10398270010522   0.000000299750   3905.178710937500
   5   10398270010522   -0.000000120250   3936.164794921875
   6   10398270010522   -0.000000455250   3919.475341796875
   7   10398270010522   -0.000000510750   3948.460449218750
   8   10398270010522   -0.000000501750   3979.371826171875
   9   10398270010522   0.000000292750   4018.643066406250
   10   10398270010522   0.000000935750   4024.979736328125
   11   10398270010522   0.000001043250   4000.729248046875
   12   10398270010522   0.000000550250   4032.245117187500
   13   10398270010522   -0.000000247250   4062.221679687500
   14   10398270010522   -0.000000880250   4038.616699218750
   15   10398270010522   -0.000000984750   4033.744873046875
   16   10398270010522   -0.000000826250   4209.874023437500
   17   10398270010522   0.000000462250   4199.407226562500
   18   10398270010522   0.000001511250   4216.149414062500
   19   10398270010522   0.000001686750   4229.451660156250
   20   10398270010522   0.000000881750   4209.314453125000
   21   10398270010522   -0.000000414250   4209.329589843750
   22   10398270010522   -0.000001436250   4236.285156250000
   23   10398270010522   -0.000001604750   4178.532714843750
   24   10398270010522   -0.000001226250   4574.054687500000
   25   10398270010522   0.000000673250   4653.200195312500
   26   10398270010522   0.000002231250   4697.793457031250
   27   10398270010522   0.000002493250   4656.496582031250
   28   10398270010522   0.000001294750   4660.456054687500
   29   10398270010522   -0.000000620250   4656.974121093750
   30   10398270010522   -0.000002120250   4673.871582031250
   31   10398270010522   -0.000002366750   4595.579589843750
   32   10398270010522   -0.000001701250   5484.476074218750
   33   10398270010522   0.000000926250   5530.796386718750
   34   10398270010522   0.000003100750   5732.839355468750
   35   10398270010522   0.000003468250   5646.208984375000
   36   10398270010522   0.000001792250   5600.180175781250
   37   10398270010522   -0.000000865750   5598.458007812500
   38   10398270010522   -0.000002928750   5536.272949218750
   39   10398270010522   -0.000003266250   5523.086425781250
   40   10398270010522   -0.000002248250   7815.043945312500
   41   10398270010522   0.000001222750   8025.936523437500
   42   10398270010522   0.000004124750   8368.056640625000
   43   10398270010522   0.000004618750   8365.090820312500
   44   10398270010522   0.000002374750   8131.037109375000
   45   10398270010522   -0.000001149250   8074.009765625000
   46   10398270010522   -0.000003856750   7889.174804687500
   47   10398270010522   -0.000004297250   7935.357421875000
   48   10398270010522   -0.000002866250   17283.314453125000
   49   10398270010522   0.000001562250   16144.281250000000
   50   10398270010522   0.000005310250   23878.296875000000
   51   10398270010522   0.000005951750   21675.527343750000
   52   10398270010522   0.000003045250   19003.046875000000
   53   10398270010522   -0.000001469750   15636.319335937500
   54   10398270010522   -0.000004899250   17168.509765625000
   55   10398270010522   -0.000005453750   15827.601562500000
   56   10398270010522   -0.000003553250   9027.012695312500
   57   10398270010522   0.000001946250   8202.917968750000
   58   10398270010522   0.000006663750   8404.972656250000
   59   10398270010522   0.000007477250   7234.642578125000
   60   10398270010522   0.000003805750   7713.261230468750
   61   10398270010522   -0.000001827750   9256.002929687500
   62   10398270010522   -0.000006051250   11956.730468750000
   63   10398270010522   -0.000006730250   11018.857421875000
   64   10398270010522   -0.000004306750   3396.458496093750
   65   10398270010522   0.000002376250   3224.928222656250
   66   10398270010522   0.000008194750   3092.564697265625
   67   10398270010522   0.000009205750   2949.200195312500
   68   10398270010522   0.000004659750   3042.104492187500
   69   10398270010522   -0.000002221750   3486.678710937500
   70   10398270010522   -0.000007306750   3975.370361328125
   71   10398270010522   -0.000008118250   3874.935791015625
   72   10398270010522   -0.000005124750   1805.849243164062
   73   10398270010522   0.000002852250   1706.308593750000
   74   10398270010522   0.000009912750   1641.699829101562
   75   10398270010522   0.000011151750   1589.454345703125
   76   10398270010522   0.000005610250   1654.735473632812
   77   10398270010522   -0.000002650250   1864.986083984375
   78   10398270010522   -0.000008659250   2025.483642578125
   79   10398270010522   -0.000009611250   2011.511840820312
   80   10398270010522   -0.000006003250   1107.880737304688
   81   10398270010522   0.000003377250   1055.014770507812
   82   10398270010522   0.000011830750   996.642089843750
   83   10398270010522   0.000013328250   991.916870117188
   84   10398270010522   0.000006662250   1027.290161132812
   85   10398270010522   -0.000003113750   1145.257690429688
   86   10398270010522   -0.000010102250   1243.863159179688
   87   10398270010522   -0.000011200750   1224.023315429688
   88   10398270010522   -0.000006940250   760.539367675781
   89   10398270010522   0.000003950750   688.214050292969
   90   10398270010522   0.000013960750   658.982116699219
   91   10398270010522   0.000015754750   667.981018066406
   92   10398270010522   0.000007818750   692.673706054688
   93   10398270010522   -0.000003607750   775.995056152344
   94   10398270010522   -0.000011629250   836.306884765625
   95   10398270010522   -0.000012878750   833.623168945312
   96   10398270010522   -0.000007932750   526.955017089844
   97   10398270010522   -0.000004134750   553.959350585938
   98   10398270010522   -0.000013233250   581.916748046875
   99   10398270010522   -0.000014637250   566.799987792969
   100   10398270010522   0.000005819750   1666.634277343750
   101   10398270010522   0.000001574250   1125.986816406250
 10   0       0.000       0.000
