   0     -24.25000      38.68000    1086.00000
   1     -27.56000     -17.97000    1086.00000
   2     -14.71000     -64.29000    1086.00000
   3       6.82000     -72.95000    1086.00000
   4      24.32000     -38.80000    1086.00000
   5      27.53000      17.94000    1086.00000
   6      14.63000      63.97000    1086.00000
   7      -6.78000      72.54000    1086.00000
   8     -49.08000      78.31000    1086.00000
   9     -55.92000     -36.45000    1086.00000
   10     -29.89000    -130.67999    1086.00000
   11      13.86000    -148.32001    1086.00000
   12      49.38000     -78.78000    1086.00000
   13      55.76000      36.35000    1086.00000
   14      29.59000     129.37000    1086.00000
   15     -13.70000     146.64000    1086.00000
   16     -82.48000     131.59000    1086.00000
   17     -94.26000     -61.44000    1086.00000
   18     -50.51000    -220.82001    1086.00000
   19      23.43000    -250.75000    1086.00000
   20      83.33000    -132.94000    1086.00000
   21      93.81000      61.15000    1086.00000
   22      49.66000     217.12000    1086.00000
   23     -22.99000     245.99001    1086.00000
   24    -124.35000     198.38000    1086.00000
   25    -142.64000     -92.98000    1086.00000
   26     -76.67000    -335.20999    1086.00000
   27      35.59000    -380.87000    1086.00000
   28     126.28000    -201.46001    1086.00000
   29     141.62000      92.31000    1086.00000
   30      74.74000     326.75000    1086.00000
   31     -34.58000     370.00000    1086.00000
   32    -174.53000     278.45001    1086.00000
   33    -201.13000    -131.10001    1086.00000
   34    -108.53000    -474.48001    1086.00000
   35      50.42000    -539.51001    1086.00000
   36     178.37000    -284.57001    1086.00000
   37     199.12000     129.78999    1086.00000
   38     104.70000     457.72000    1086.00000
   39     -48.40000     517.94000    1086.00000
   40    -232.89999     371.56000    1086.00000
   41    -269.82999    -175.88000    1086.00000
   42    -146.25999    -639.41998    1086.00000
   43      68.01000    -727.67999    1086.00000
   44     239.77000    -382.53000    1086.00000
   45     266.20999     173.53000    1086.00000
   46     139.38000     609.34998    1086.00000
   47     -64.39000     688.98999    1086.00000
   48    -299.25000     477.42001    1086.00000
   49    -348.84000    -227.38000    1086.00000
   50    -190.08000    -830.97998    1086.00000
   51      88.47000    -946.62000    1086.00000
   52     310.70001    -495.69000    1086.00000
   53     342.82001     223.46001    1086.00000
   54     178.62000     780.89001    1086.00000
   55     -82.44000     882.16998    1086.00000
   56    -373.39999     595.71997    1086.00000
   57    -438.29001    -285.69000    1086.00000
   58    -240.24001   -1050.27002    1086.00000
   59     111.94000   -1197.80005    1086.00000
   60     391.39999    -624.44000    1086.00000
   61     428.82999     279.51999    1086.00000
   62     222.22000     971.51001    1086.00000
   63    -102.47000    1096.43005    1086.00000
   64    -455.13000     726.10999    1086.00000
   65    -538.31000    -350.89001    1086.00000
   66    -297.04001   -1298.62000    1086.00000
   67     138.59000   -1482.94995    1086.00000
   68     482.14999    -769.21997    1086.00000
   69     524.12000     341.63000    1086.00000
   70     269.98001    1180.31006    1086.00000
   71    -124.36000    1330.64001    1086.00000
   72    -544.19000     868.20001    1086.00000
   73    -649.09003    -423.09000    1086.00000
   74    -360.85001   -1577.56006    1086.00000
   75     168.60001   -1804.12000    1086.00000
   76     583.28003    -930.56000    1086.00000
   77     628.56000     409.70999    1086.00000
   78     321.67999    1406.31995    1086.00000
   79    -148.00000    1583.59998    1086.00000
   80    -640.34998    1021.59998    1086.00000
   81    -770.78998    -502.42001    1086.00000
   82    -432.06000   -1888.89001    1086.00000
   83     202.21001   -2163.66992    1086.00000
   84     695.15997   -1109.05005    1086.00000
   85     742.02002     483.67001    1086.00000
   86     377.07999    1648.54004    1086.00000
   87    -173.27000    1854.04004    1086.00000
   88    -743.32001    1185.88000    1086.00000
   89    -903.64001    -589.01001    1086.00000
   90    -511.14999   -2234.64990    1086.00000
   91     239.64999   -2564.37012    1086.00000
   92     818.21002   -1305.35999    1086.00000
   93     864.34003     563.40002    1086.00000
   94     435.95001    1905.91003    1086.00000
   95    -200.06000    2140.65991    1086.00000
   96     952.90002   -1520.25000    1086.00000
   97     995.38000     648.81000    1086.00000
   98     498.04999    2177.37012    1086.00000
   99    -228.23000    2442.14990    1086.00000
   100    -263.07001   -2800.54004    1086.00000
