   0   10398270011222   -0.000000106250   6579.913085937500
   1   10398270011222   0.000000068750   6537.366699218750
   2   10398270011222   0.000000211750   6525.592285156250
   3   10398270011222   0.000000238250   6519.877929687500
   4   10398270011222   0.000000132750   6539.847656250000
   5   10398270011222   -0.000000042250   6576.149902343750
   6   10398270011222   -0.000000184250   6542.434082031250
   7   10398270011222   -0.000000210750   6542.337402343750
   8   10398270011222   -0.000000228750   6756.802734375000
   9   10398270011222   0.000000125750   6689.074218750000
   10   10398270011222   0.000000416750   6704.241210937500
   11   10398270011222   0.000000471250   6764.215332031250
   12   10398270011222   0.000000256250   6720.329101562500
   13   10398270011222   -0.000000099250   6725.502441406250
   14   10398270011222   -0.000000386250   6778.361328125000
   15   10398270011222   -0.000000439750   6764.687988281250
   16   10398270011222   -0.000000392750   7170.329101562500
   17   10398270011222   0.000000203250   7090.879394531250
   18   10398270011222   0.000000695250   7204.414550781250
   19   10398270011222   0.000000787750   7258.270996093750
   20   10398270011222   0.000000424250   7291.621093750000
   21   10398270011222   -0.000000175250   7252.401855468750
   22   10398270011222   -0.000000656750   7252.651367187500
   23   10398270011222   -0.000000745750   7151.392089843750
   24   10398270011222   -0.000000598250   8401.648437500000
   25   10398270011222   0.000000301250   8270.076171875000
   26   10398270011222   0.000001049750   8308.115234375000
   27   10398270011222   0.000001190250   8349.826171875000
   28   10398270011222   0.000000636750   8409.388671875000
   29   10398270011222   -0.000000270750   8441.666992187500
   30   10398270011222   -0.000000994750   8444.820312500000
   31   10398270011222   -0.000001128250   8285.488281250000
   32   10398270011222   -0.000000843750   11217.836914062500
   33   10398270011222   0.000000420750   11472.975585937500
   34   10398270011222   0.000001481250   11416.543945312500
   35   10398270011222   0.000001681750   11636.731445312500
   36   10398270011222   0.000000894750   11699.990234375000
   37   10398270011222   -0.000000384750   11665.622070312500
   38   10398270011222   -0.000001397750   11479.630859375000
   39   10398270011222   -0.000001583250   11284.509765625000
   40   10398270011222   -0.000001128750   25060.656250000000
   41   10398270011222   0.000000561750   25821.847656250000
   42   10398270011222   0.000001993250   25383.671875000000
   43   10398270011222   0.000002265750   26726.343750000000
   44   10398270011222   0.000001199750   26896.808593750000
   45   10398270011222   -0.000000517250   27488.146484375000
   46   10398270011222   -0.000001863250   27480.292968750000
   47   10398270011222   -0.000002109250   24089.400390625000
   48   10398270011222   -0.000001452250   18785.259765625000
   49   10398270011222   0.000000724250   19404.294921875000
   50   10398270011222   0.000002588250   21687.468750000000
   51   10398270011222   0.000002945750   18041.404296875000
   52   10398270011222   0.000001553250   18448.839843750000
   53   10398270011222   -0.000000667750   25633.080078125000
   54   10398270011222   -0.000002389250   29858.974609375000
   55   10398270011222   -0.000002701750   19476.992187500000
   56   10398270011222   -0.000001812750   6354.209960937500
   57   10398270011222   0.000000909250   6115.222656250000
   58   10398270011222   0.000003270750   6060.130859375000
   59   10398270011222   0.000003726250   6072.988769531250
   60   10398270011222   0.000001955750   6211.255859375000
   61   10398270011222   -0.000000836250   6983.696289062500
   62   10398270011222   -0.000002973250   7381.203125000000
   63   10398270011222   -0.000003359250   7148.721679687500
   64   10398270011222   -0.000002208250   2916.465332031250
   65   10398270011222   0.000001117750   2795.503417968750
   66   10398270011222   0.000004045250   2834.770996093750
   67   10398270011222   0.000004614250   2836.069335937500
   68   10398270011222   0.000002409750   3015.085205078125
   69   10398270011222   -0.000001021250   3246.399169921875
   70   10398270011222   -0.000003611750   3317.243652343750
   71   10398270011222   -0.000004075750   3213.303466796875
   72   10398270011222   -0.000002638250   1639.409667968750
   73   10398270011222   0.000001350250   1597.293823242188
   74   10398270011222   0.000004915750   1575.765380859375
   75   10398270011222   0.000005616250   1590.801757812500
   76   10398270011222   0.000002917750   1689.198486328125
   77   10398270011222   -0.000001222250   1866.384155273438
   78   10398270011222   -0.000004300750   1935.069213867188
   79   10398270011222   -0.000004847750   1797.392944335938
   80   10398270011222   -0.000003101250   1036.200805664062
   81   10398270011222   0.000001607750   1000.984680175781
   82   10398270011222   0.000005891750   978.211303710938
   83   10398270011222   0.000006740250   986.622741699219
   84   10398270011222   0.000003482250   1077.439208984375
   85   10398270011222   -0.000001439250   1184.173095703125
   86   10398270011222   -0.000005038250   1217.769287109375
   87   10398270011222   -0.000005673250   1121.636596679688
   88   10398270011222   -0.000003593250   675.565734863281
   89   10398270011222   0.000001890750   642.123107910156
   90   10398270011222   0.000006975750   644.678649902344
   91   10398270011222   0.000007995750   657.253356933594
   92   10398270011222   0.000004105250   705.293029785156
   93   10398270011222   -0.000001669250   809.415100097656
   94   10398270011222   -0.000005819250   784.935363769531
   95   10398270011222   -0.000006544750   761.107604980469
   96   10398270011222   0.000004789750   512.899780273438
   97   10398270011222   -0.000001913750   538.603210449219
   98   10398270011222   -0.000006641250   559.307067871094
   99   10398270011222   -0.000007459250   534.035583496094
   100   10398270011222   0.000008735250   516.184509277344
 10   0       0.000       0.000
